0 0.9517115078125 0.535094853125 0.94310910625 0.52959693125 0.9317551828124999 0.5513917046875 0.9401792999999999 0.5562833656249999 0.9517115078125 0.535094853125
0 0.4621841875 0.5928746968749999 0.454884478125 0.585294725 0.4410293328125 0.6066049 0.4476543609375 0.61256233125 0.4621841875 0.5928746968749999
0 0.472844878125 0.4447595125 0.4663170421875 0.44458640625 0.4665755546875 0.46502814687500005 0.471390621875 0.46641298124999997 0.472844878125 0.4447595125
0 0.06646117343749999 0.584218359375 0.059204389062499994 0.5830723765625 0.056878428125000005 0.609602046875 0.06443524687499999 0.610866546875 0.06646117343749999 0.584218359375
0 0.22794899218750003 0.38457311562499996 0.2217725921875 0.3841413515625 0.22243375312500002 0.396908084375 0.22696012968749998 0.39946794375 0.22794899218750003 0.38457311562499996
0 0.3534423 0.33693039062499996 0.3488440484375 0.333525315625 0.3397874984375 0.3496476375 0.34510899687499996 0.3505714609375 0.3534423 0.33693039062499996
0 0.66133256875 0.6564034421875 0.651633725 0.643321109375 0.6469575125 0.6450044515625 0.6573822359375 0.6584811296875 0.66133256875 0.6564034421875
0 0.055791871874999996 0.8502888203125 0.0381051875 0.8262948203124999 0.029221596875 0.827325946875 0.049000040625000005 0.852154253125 0.055791871874999996 0.8502888203125
0 0.5192937796875 0.8661305984375 0.5160302796875 0.8581547031250001 0.4887569390625 0.8671768125 0.4938722875 0.8740040125 0.5192937796875 0.8661305984375
0 0.66017669375 0.4349042515625 0.657588903125 0.4315677203125 0.6476855609375 0.442856884375 0.650479875 0.444801103125 0.66017669375 0.4349042515625
0 0.07098934375 0.4146618046875 0.06601655 0.4016580765625 0.0604061 0.40367779062500003 0.066779875 0.41683017031249997 0.07098934375 0.4146618046875