0 0.08873281250000001 0.5210890625 0.080465625 0.5259750000000001 0.0906109375 0.546271875 0.098690625 0.54195 0.08873281250000001 0.5210890625
0 0.5458609375 0.589475 0.5387500000000001 0.5963609375 0.5517624999999999 0.6153453125 0.5581859375 0.6099625 0.5458609375 0.589475
0 0.5397328124999999 0.45682656250000003 0.533590625 0.45677500000000004 0.534246875 0.477178125 0.53881875 0.47603437499999995 0.5397328124999999 0.45682656250000003
0 0.91789375 0.600375 0.9110343750000001 0.6012140625 0.9120640625 0.62633125 0.919209375 0.625390625 0.91789375 0.600375
0 0.7716015625 0.4080328125 0.7657812500000001 0.40823593750000003 0.766221875 0.42227031249999997 0.7705609375 0.4200125 0.7716015625 0.4080328125
0 0.653809375 0.3562796875 0.649375 0.3593296875 0.6567609375 0.3724265625 0.66179375 0.3717328125 0.653809375 0.3562796875
0 0.3590015625 0.6375640625 0.3494546875 0.6495437500000001 0.3531 0.6516265625 0.36334218749999997 0.6393 0.3590015625 0.6375640625
0 0.9297437499999999 0.829709375 0.9123296875 0.8516843749999999 0.918653125 0.8536609374999999 0.9380609375000001 0.8309703125000001 0.9297437499999999 0.829709375
0 0.47942343750000005 0.8439703125 0.47609375 0.8513609375 0.4997328125 0.859596875 0.504765625 0.8533468750000001 0.47942343750000005 0.8439703125
0 0.3603546875 0.43830937499999995 0.3578125 0.4413609375 0.36660312500000003 0.45098281250000005 0.36929375000000003 0.44924687499999993 0.3603546875 0.43830937499999995
0 0.9174453124999999 0.4296125 0.91234375 0.4416734375 0.9162296874999999 0.44385 0.9226531250000001 0.43169531250000004 0.9174453124999999 0.4296125