0 0.047839934375 0.530716171875 0.0563729375 0.526151815625 0.0458564359375 0.5041204625 0.037125412499999996 0.509280528125 0.047839934375 0.530716171875
0 0.5348646859375 0.6036650171875 0.541648515625 0.5979801984375 0.5286320124999999 0.576343234375 0.5211221125 0.5836155109375001 0.5348646859375 0.6036650171875
0 0.5163663359374999 0.45774587499999997 0.52119471875 0.45653795312499995 0.522160065625 0.43625247500000003 0.5156732671875 0.43619802031250005 0.5163663359374999 0.45774587499999997
0 0.9153811875000001 0.6152673265625 0.9229273921875001 0.614273928125 0.9215379531250001 0.5878547859375 0.9142937296874999 0.5887409234375001 0.9153811875000001 0.6152673265625
0 0.7613564359375 0.399757425 0.7659389437499999 0.3973729375 0.767037953125 0.384721121875 0.7608910890625 0.38493564375 0.7613564359375 0.399757425
0 0.6457541250000001 0.3471171609375 0.6510693062499999 0.34638448906249997 0.6426369640625 0.33006435624999997 0.6379537953125001 0.333285478125 0.6457541250000001 0.3471171609375
0 0.32505610625000003 0.6419818484375 0.33587293749999997 0.628963696875 0.331288778125 0.6271303625 0.3212062703125 0.639782178125 0.32505610625000003 0.6419818484375
0 0.922339934375 0.855351484375 0.942836634375 0.8313877890624999 0.9340528046875001 0.83005610625 0.915661715625 0.8532640265625 0.922339934375 0.855351484375
0 0.4799158421875 0.8616204625 0.4852310234375 0.8550198015625 0.45846699687500003 0.8451171609375001 0.4549504953125 0.8529224421875 0.4799158421875 0.8616204625
0 0.33931683125 0.43008085781250005 0.342158415625 0.428247525 0.332717821875 0.4166963703125 0.330033003125 0.4199191421875 0.33931683125 0.43008085781250005
0 0.919780528125 0.4225478546875 0.9265643562499999 0.40971122187500003 0.9210643562499999 0.40751155156249996 0.9156765671875 0.42024917500000003 0.919780528125 0.4225478546875