0 0.80625 0.82890625 0.0484375 0.0875
0 0.96640625 0.9140625 0.0671875 0.14609375
0 0.40546875 0.5546875 0.07890625 0.25390625
0 0.1125 0.33046875 0.03984375 0.0703125
0 0.21875 0.63125 0.06640625 0.06015625
0 0.87734375 0.496875 0.075 0.071875
0 0.72734375 0.40703125 0.040625 0.0625
0 0.1203125 0.56875 0.04453125 0.0078125
0 0.16328125 0.17421875 0.0296875 0.028125
0 0.69140625 0.43984375 0.02578125 0.04765625
0 0.4921875 0.5046875 0.03984375 0.05234375
0 0.50703125 0.4953125 0.02421875 0.04140625
0 0.6703125 0.74609375 0.0484375 0.04140625
0 0.75390625 0.52109375 0.0640625 0.05390625
0 0.1109375 0.73046875 0.1390625 0.01796875