0 0.628125 0.77890625 0.07265625 0.16328125
0 0.13515625 0.6546875 0.04921875 0.1421875
0 0.30390625 0.86953125 0.08046875 0.14296875
0 0.06328125 0.2375 0.0890625 0.14140625
0 0.2046875 0.3265625 0.0828125 0.1390625
0 0.62734375 0.128125 0.034375 0.08203125
0 0.56171875 0.44921875 0.04140625 0.103125
0 0.696875 0.496875 0.03671875 0.09296875
0 0.73828125 0.4859375 0.0296875 0.06953125
0 0.1953125 0.78359375 0.05390625 0.05703125
0 0.740625 0.68359375 0.0375 0.08828125
0 0.678125 0.91796875 0.0546875 0.121875
0 0.43125 0.4171875 0.0765625 0.2953125
0 0.59375 0.17890625 0.05703125 0.1421875