0 0.340625 0.890625 0.0671875 0.1078125
0 0.278125 0.16328125 0.053125 0.0671875
0 0.56015625 0.34375 0.0234375 0.05546875
0 0.496875 0.4828125 0.0515625 0.16171875
0 0.6265625 0.375 0.02578125 0.0671875
0 0.89296875 0.64609375 0.03515625 0.07109375
0 0.71796875 0.64609375 0.0359375 0.07890625
0 0.1015625 0.81484375 0.0875 0.0359375
0 0.45234375 0.0359375 0.0421875 0.07109375
0 0.91171875 0.11484375 0.0265625 0.07421875
0 0.615625 0.45703125 0.03828125 0.08671875
0 0.89921875 0.55234375 0.01953125 0.05234375