0 0.27265625 0.4515625 0.0734375 0.11875
0 0.2765625 0.3984375 0.03125 0.10234375
0 0.1546875 0.365625 0.0765625 0.10859375
0 0.16953125 0.8578125 0.0734375 0.09609375
0 0.34375 0.94140625 0.0484375 0.1171875
0 0.50234375 0.51640625 0.04296875 0.23671875
0 0.1765625 0.73671875 0.04375 0.12109375
0 0.74296875 0.78203125 0.02890625 0.07421875
0 0.7125 0.92109375 0.06953125 0.15703125
0 0.0953125 0.3484375 0.0421875 0.071875
0 0.07421875 0.41875 0.06015625 0.08125
0 0.0234375 0.45234375 0.04609375 0.04609375
0 0.63984375 0.8609375 0.04296875 0.1359375
0 0.6859375 0.621875 0.02265625 0.08046875
0 0.7328125 0.609375 0.0140625 0.0453125
0 0.57109375 0.56796875 0.0203125 0.08203125
0 0.6328125 0.29296875 0.0203125 0.06796875
0 0.22578125 0.86875 0.04296875 0.04609375
0 0.3453125 0.678125 0.0328125 0.04609375