0 0.21328125 0.121875 0.1 0.24375
0 0.14296875 0.071875 0.05859375 0.1125
0 0.071875 0.5328125 0.103125 0.15234375
0 0.13046875 0.5390625 0.0515625 0.1078125
0 0.05078125 0.5640625 0.1015625 0.0875
0 0.428125 0.5140625 0.1015625 0.2296875
0 0.6 0.49140625 0.02734375 0.18125
0 0.81796875 0.45390625 0.02890625 0.15234375
0 0.56015625 0.240625 0.03515625 0.05078125
0 0.76015625 0.115625 0.03984375 0.1234375
0 0.33359375 0.1828125 0.04609375 0.11484375
0 0.60859375 0.33203125 0.03828125 0.0765625
0 0.16484375 0.4625 0.0484375 0.115625